0.028466151 0.028466151 0.028635216 0.028803958 0.028972327 0.029140327 0.02930796 0.029475227 0.02964213 0.029808673 0.029974857 0.030140684 0.030306156 0.030471275 0.030636043 0.030800463 0.030964536 0.031128264 0.031291649 0.031454694 0.0316174 0.031779769 0.031941803 0.032103503 0.032264873 0.032425913 0.032586626 0.032747013 0.032907076 0.033066817 0.033226238 0.03338534 0.033544126 0.033702596 0.033860754 0.0340186 0.034176136 0.034333364 0.034490286 0.034646903 0.034803217 0.03495923 0.035114942 0.035270357 0.035425475 0.035580299 0.035734828 0.035889067 0.036043014 0.036043014 
0.028341974 0.028341974 0.028516158 0.02868949 0.028862398 0.029034932 0.029207089 0.029378863 0.029550248 0.029721236 0.029891818 0.03006199 0.030231741 0.030401066 0.030569957 0.030738408 0.030906413 0.031073964 0.031241059 0.031407692 0.03157386 0.031739559 0.031904789 0.032069547 0.032233834 0.032397651 0.032560998 0.032723878 0.032886294 0.03304825 0.03320975 0.033370798 0.0335314 0.033691562 0.03385129 0.034010588 0.034169465 0.034327927 0.034485982 0.034643635 0.034800895 0.034957766 0.035114258 0.035270375 0.035426124 0.035581512 0.035736549 0.035891244 0.036044901 0.036044901 
0.028410742 0.028410742 0.028580368 0.028748955 0.028917556 0.029086128 0.029254535 0.029422717 0.029590651 0.029758332 0.029925758 0.030092927 0.030259837 0.030426483 0.030592862 0.030758968 0.030924797 0.031090341 0.031255595 0.031420553 0.031585205 0.031749545 0.031913566 0.032077259 0.032240617 0.032403632 0.032566297 0.032728605 0.032890551 0.033052129 0.033213333 0.03337416 0.033534607 0.033694671 0.033854351 0.034013647 0.034172557 0.034331082 0.034489223 0.034646981 0.034804358 0.034961355 0.035117972 0.035274213 0.035430086 0.035585603 0.035740806 0.035895747 0.036049119 0.036049119 
0.028525194 0.028525194 0.028686594 0.028848689 0.029011855 0.029175844 0.029340131 0.029504401 0.029668522 0.029832452 0.029996179 0.030159706 0.030323035 0.03048617 0.030649115 0.030811872 0.030974444 0.03113683 0.031299034 0.031461054 0.031622889 0.031784536 0.031945994 0.032107257 0.032268322 0.032429183 0.032589834 0.032750268 0.032910474 0.033070445 0.033230168 0.033389638 0.033548847 0.033707785 0.033866447 0.034024826 0.034182915 0.034340709 0.034498204 0.034655394 0.034812277 0.034968848 0.035125104 0.035281044 0.035436676 0.035592035 0.035747219 0.035902335 0.036055472 0.036055472 
0.028655168 0.028655168 0.028805517 0.028959597 0.02911663 0.029275783 0.029436066 0.029596742 0.029757438 0.029918006 0.030078398 0.030238603 0.030398625 0.03055847 0.030718148 0.030877666 0.031037034 0.031196257 0.031355344 0.031514301 0.031673134 0.031831847 0.031990444 0.032148928 0.032307301 0.032465564 0.032623715 0.032781753 0.032939676 0.033097481 0.033255161 0.033412713 0.033570129 0.033727403 0.033884529 0.034041488 0.034198276 0.034354874 0.034511274 0.034667469 0.03482345 0.034979211 0.035134746 0.035290061 0.035445184 0.035600213 0.035755365 0.035910703 0.036063701 0.036063701 
0.02878808 0.02878808 0.028925378 0.02907051 0.029220893 0.029375008 0.029531397 0.029688821 0.029846557 0.030004272 0.030161839 0.03031922 0.030476412 0.030633419 0.030790255 0.030946928 0.031103454 0.031259842 0.031416107 0.031572258 0.031728307 0.031884265 0.032040142 0.032195947 0.032351688 0.032507371 0.032663004 0.032818591 0.032974135 0.033129639 0.033285103 0.033440526 0.033595907 0.033751242 0.033906528 0.034061759 0.034216929 0.034372031 0.034527058 0.034681999 0.034836837 0.034991559 0.035146157 0.035300651 0.035455112 0.035609718 0.035764821 0.035920487 0.036073498 0.036073499 
0.028917764 0.028917764 0.02904046 0.029176121 0.02931953 0.029468447 0.029621057 0.029775613 0.029930874 0.030086247 0.030241501 0.030396564 0.030551418 0.030706069 0.03086053 0.031014812 0.031168932 0.031322901 0.031476739 0.031630458 0.031784073 0.0319376 0.032091053 0.032244447 0.032397793 0.032551107 0.032704398 0.032857679 0.033010958 0.033164245 0.033317545 0.033470864 0.033624207 0.033777574 0.033930968 0.034084387 0.034237829 0.03439129 0.034544764 0.034698248 0.034851736 0.035005228 0.035158741 0.035312303 0.035466055 0.035620244 0.035775333 0.035931393 0.036084544 0.036084544 
0.029040807 0.029040807 0.029147673 0.029273598 0.029409695 0.029553481 0.029702966 0.029855241 0.03000853 0.030162018 0.030315398 0.03046857 0.030621511 0.030774225 0.030926724 0.031079022 0.031231135 0.031383078 0.03153487 0.031686528 0.031838068 0.031989508 0.032140866 0.032292159 0.032443405 0.032594622 0.032745824 0.032897028 0.033048248 0.033199499 0.033350793 0.033502141 0.033653553 0.033805035 0.033956597 0.034108241 0.03425997 0.034411786 0.034563687 0.034715673 0.034867744 0.035019907 0.035172194 0.035324716 0.035477732 0.035631534 0.035786695 0.03594319 0.036096567 0.036096567 
0.029155881 0.029155881 0.029245135 0.029361215 0.029490111 0.029630021 0.029777088 0.029927563 0.030079257 0.03023121 0.030383061 0.030534688 0.030686061 0.030837182 0.030988062 0.031138715 0.031289159 0.031439409 0.031589484 0.031739403 0.031889184 0.032038846 0.03218841 0.032337895 0.03248732 0.032636707 0.032786075 0.032935443 0.03308483 0.033234255 0.033383734 0.033533284 0.03368292 0.033832655 0.033982501 0.034132467 0.034282563 0.034432794 0.034583164 0.034733679 0.034884348 0.035035188 0.035186256 0.035337705 0.035489946 0.035643454 0.035798766 0.035955691 0.036109343 0.036109343 
0.029261232 0.029261232 0.029331864 0.029438557 0.029561787 0.029698778 0.029843956 0.029992964 0.030143338 0.030294026 0.030444622 0.030594986 0.030745076 0.03089489 0.031044437 0.031193731 0.03134279 0.031491628 0.031640267 0.031788724 0.031937019 0.032085173 0.032233206 0.03238114 0.032528996 0.032676797 0.032824566 0.032972323 0.033120092 0.033267894 0.03341575 0.033563681 0.033711706 0.033859843 0.034008108 0.034156518 0.034305084 0.034453821 0.034602736 0.034751844 0.034901162 0.035050728 0.035200627 0.035351071 0.035502553 0.035655982 0.035811404 0.035968782 0.036122674 0.036122674 
0.029355984 0.029355984 0.029408132 0.029506674 0.029625957 0.029760556 0.029904214 0.03005199 0.030201256 0.030350896 0.030500466 0.030649799 0.030798843 0.030947588 0.031096043 0.031244217 0.03139213 0.031539797 0.031687238 0.03183447 0.031981515 0.032128392 0.032275124 0.032421734 0.032568243 0.032714676 0.032861056 0.033007408 0.033153756 0.033300126 0.03344654 0.033593023 0.033739598 0.033886287 0.034033111 0.03418009 0.034327243 0.034474586 0.034622138 0.034769919 0.034917961 0.035066325 0.035215136 0.03536467 0.035515506 0.03566899 0.035824466 0.035982335 0.036136412 0.036136412 
0.02944099 0.02944099 0.029475164 0.029567088 0.029683544 0.029816102 0.02995849 0.030105219 0.030253554 0.03040233 0.030551065 0.030699564 0.030847761 0.030995638 0.031143201 0.031290459 0.031437429 0.031584127 0.031730573 0.031876783 0.032022779 0.032168582 0.032314213 0.032459695 0.032605051 0.032750308 0.032895488 0.033040619 0.033185725 0.033330835 0.033475974 0.033621169 0.033766446 0.033911831 0.034057348 0.034203022 0.034348877 0.034494934 0.034641219 0.034787764 0.034934618 0.03508187 0.035229691 0.035378428 0.035528727 0.035682368 0.035837842 0.035996227 0.0361505 0.0361505 
