795.92075 795.92075 791.83913 787.75751 783.67589 779.59427 775.51265 771.43102 767.3494 763.26778 759.18616 755.10453 751.02291 746.94129 742.85966 738.77804 734.69641 730.61479 726.53317 722.45154 718.36992 714.28829 710.20667 706.12504 702.04341 697.96179 693.88016 689.79854 685.71691 681.63528 677.55366 673.47203 669.3904 665.30878 661.22715 657.14552 653.06389 648.98226 644.90064 640.81901 636.73738 632.65575 628.57412 624.49249 620.41086 616.32923 612.2476 608.16597 604.08434 604.08434 
787.10651 787.10651 783.32559 779.68484 776.02766 772.355 768.66705 764.96381 761.24529 757.5115 753.76252 749.99844 746.21939 742.42554 738.61707 734.79426 730.95735 727.10669 723.24255 719.36533 715.47543 711.57325 707.65923 703.73378 699.79744 695.85064 691.8939 687.92769 683.95256 679.96894 675.97741 671.97842 667.97248 663.96008 659.9417 655.91795 651.88914 647.85571 643.81807 639.77663 635.73177 631.68385 627.63321 623.58016 619.52501 615.46799 611.40912 607.3488 603.37015 603.37015 
768.37434 768.37434 765.26628 762.44822 759.54383 756.58872 753.59799 750.5771 747.52732 744.44852 741.34022 738.20186 735.03291 731.83302 728.60171 725.33872 722.04377 718.71666 715.35723 711.96545 708.54136 705.08511 701.59692 698.07712 694.52618 690.94458 687.33297 683.69203 680.0226 676.32549 672.60169 668.85216 665.07794 661.28016 657.45993 653.61842 649.75681 645.87631 641.97823 638.06378 634.1343 630.19105 626.23534 622.26843 618.29095 614.30316 610.30318 606.28958 602.40561 602.40561 
747.22592 747.22592 745.03276 743.173 741.08066 738.84499 736.52527 734.15291 731.74012 729.29048 726.80438 724.28113 721.71977 719.1192 716.4783 713.79601 711.07129 708.30314 705.49059 702.63281 699.72899 696.7785 693.7808 690.73539 687.642 684.50052 681.31091 678.07357 674.78913 671.45837 668.08233 664.66186 661.19803 657.69204 654.14518 650.5589 646.93473 643.27427 639.57928 635.85149 632.09274 628.30492 624.49006 620.64998 616.78594 612.89677 608.97608 605.01887 601.21185 601.21185 
725.66166 725.66166 724.65231 723.91413 722.69855 721.18301 719.48916 717.69675 715.84399 713.94566 712.00627 710.02634 708.00507 705.94115 703.83305 701.67925 699.47818 697.22828 694.92791 692.5756 690.16981 687.70918 685.19236 682.61808 679.98524 677.29292 674.54027 671.72672 668.85184 665.91535 662.91731 659.85798 656.73769 653.55727 650.31746 647.02062 643.66797 640.26213 636.80496 633.29838 629.74447 626.14537 622.50324 618.81959 615.09384 611.3197 607.48024 603.57411 599.81947 599.81947 
704.60407 704.60407 705.01876 705.5309 705.2565 704.47278 703.37077 702.09443 700.72358 699.2937 697.81784 696.29957 694.739 693.13499 691.48589 689.78991 688.04515 686.24969 684.40147 682.49852 680.53879 678.52031 676.44112 674.29925 672.09288 669.82031 667.47993 665.07033 662.59024 660.03856 657.41454 654.71764 651.94742 649.10401 646.18753 643.19857 640.13789 637.00665 633.80623 630.53844 627.20652 623.81293 620.36045 616.84924 613.27533 609.62553 605.86769 601.9982 598.2629 598.2629 
684.53229 684.53229 686.5747 688.4304 689.15114 689.11402 688.57625 687.7521 686.78616 685.74466 684.65242 683.51702 682.3398 681.11995 679.85582 678.54553 677.18702 675.77816 674.31665 672.80023 671.2265 669.59308 667.89757 666.13748 664.31043 662.41409 660.44617 658.40455 656.28719 654.09222 651.81804 649.46328 647.02668 644.50754 641.90516 639.2194 636.45029 633.59834 630.66438 627.64931 624.55449 621.38096 618.12857 614.79771 611.37842 607.8523 604.17207 600.32423 596.57754 596.57754 
665.71821 665.71821 669.55726 672.82007 674.59661 675.31387 675.24736 674.78573 674.14675 673.4218 672.64408 671.82385 670.96328 670.06171 669.11755 668.12887 667.09357 666.00941 664.874 663.68493 662.4396 661.13539 659.76963 658.33952 656.84225 655.27509 653.63522 651.91999 650.12672 648.25286 646.29612 644.25435 642.1255 639.90805 637.60049 635.20183 632.71131 630.12866 627.45396 624.68741 621.82966 618.88094 615.83993 612.6985 609.43601 606.03146 602.41885 598.57761 594.79362 594.79362 
648.2234 648.2234 654.10665 658.82519 661.7064 663.01107 663.30135 663.12839 662.75673 662.29235 661.77386 661.21368 660.6148 659.97691 659.29851 658.57773 657.81247 657.0005 656.13937 655.22662 654.25957 653.23546 652.15147 651.00458 649.79175 648.50993 647.15594 645.72672 644.21914 642.63013 640.95678 639.19634 637.34608 635.40374 633.36705 631.23424 629.00374 626.67449 624.24574 621.71686 619.08757 616.35696 613.522 610.57172 607.47102 604.17894 600.62318 596.77842 592.93597 592.93597 
632.22726 632.22726 640.29002 646.47779 650.31698 652.03212 652.5994 652.66539 652.51752 652.26997 651.966 651.62058 651.23792 650.81826 650.36036 649.86247 649.32255 648.73842 648.10766 647.4278 646.69613 645.90986 645.06607 644.16165 643.19339 642.15804 641.05219 639.87248 638.61543 637.27758 635.85555 634.34608 632.74587 631.05204 629.26164 627.37219 625.38139 623.28736 621.08853 618.78335 616.37046 613.84748 611.20917 608.44088 605.50127 602.29609 598.7974 594.93748 591.02709 591.02709 
617.83687 617.83687 628.04672 635.63827 640.19037 642.20814 643.00448 643.27593 643.31828 643.25199 643.12555 642.95718 642.75278 642.51336 642.23804 641.92523 641.57301 641.17928 640.74167 640.25776 639.72486 639.14018 638.5008 637.80354 637.04513 636.2222 635.33118 634.36852 633.33048 632.21331 631.01329 629.72673 628.34988 626.87932 625.31154 623.64343 621.87199 619.99459 618.00884 615.91221 613.70209 611.37437 608.9211 606.32331 603.53256 600.39694 596.95486 593.0651 589.08464 589.08464 
604.93564 604.93564 617.19525 626.08113 631.12991 633.39632 634.39451 634.84574 635.05002 635.13476 635.15462 635.13165 635.07369 634.98265 634.85804 634.69851 634.50224 634.26724 633.99122 633.67184 633.30646 632.89235 632.42659 631.90603 631.32735 630.68715 629.98178 629.20755 628.36057 627.43686 626.43244 625.34333 624.16538 622.89476 621.52747 620.05983 618.48823 616.80935 615.01995 613.11648 611.09495 608.94922 606.66828 604.22824 601.57326 598.49183 595.10444 591.17591 587.11356 587.11356 
593.32822 593.32822 607.52171 617.56161 622.98939 625.48084 626.6618 627.2697 627.61059 627.82016 627.95978 628.05553 628.11726 628.1478 628.1471 628.11401 628.04687 627.94378 627.80256 627.62096 627.39643 627.1263 626.80772 626.43757 626.01257 625.5293 624.98408 624.37317 623.69257 622.93816 622.10579 621.19123 620.19004 619.09806 617.91086 616.62431 615.23423 613.73663 612.12743 610.40202 608.55486 606.5776 604.45576 602.16023 599.62796 596.58757 593.25095 589.27376 585.11212 585.11212 
