2628.3377 2628.3377 2615.5907 2602.7036 2589.8124 2576.916 2564.0143 2551.1076 2538.1963 2525.2803 2512.3597 2499.4343 2486.5039 2473.5694 2460.6306 2447.6866 2434.7387 2421.7866 2408.83 2395.869 2382.9042 2369.9352 2356.962 2343.9847 2331.0034 2317.9924 2304.9516 2291.9076 2278.8599 2265.8086 2252.7552 2239.6983 2226.6389 2213.5764 2200.5122 2187.445 2174.3756 2161.3041 2148.2301 2135.1547 2122.0768 2108.998 2095.9172 2082.8348 2069.7519 2056.6676 2043.5821 2030.4962 2017.4188 2017.4189 
14221.683 14221.683 13142.472 11473.553 9716.6312 7958.712 6219.1357 4503.6469 2815.2877 1156.6114 -469.94116 -2062.0097 -3617.3279 -5133.7494 -6609.2211 -8041.788 -9429.7576 -10771.584 -12066.007 -13311.883 -14508.338 -15654.785 -16750.886 -17796.499 -18791.686 -19736.843 -20632.509 -21479.499 -22278.761 -23031.499 -23739.028 -24402.881 -25024.778 -25606.663 -26150.29 -26657.55 -27130.25 -27570.293 -27979.608 -28360.12 -28713.743 -29042.371 -29347.858 -29632.011 -29896.567 -30143.06 -30371.592 -30574.032 -30717.779 -30717.778 
23965.909 23965.909 23471.653 22153.452 20513.326 18782.354 17029.799 15273.752 13520.356 11772.82 10033.629 8305.1517 6589.8179 4890.1504 3208.7629 1548.3513 -88.307251 -1698.4551 -3279.3202 -4828.1454 -6342.2324 -7818.9767 -9255.8906 -10650.633 -12001.032 -13305.151 -14561.283 -15767.989 -16924.097 -18028.757 -19081.38 -20081.712 -21029.78 -21925.886 -22770.617 -23564.798 -24309.471 -25005.877 -25655.405 -26259.641 -26820.505 -27341.462 -27825.624 -28274.803 -28690.186 -29070.888 -29407.758 -29673.525 -29829.916 -29829.916 
26987.546 26987.546 26654.223 25623.678 24193.633 22616.222 20995.291 19360.086 17718.034 16071.582 14422.326 12771.844 11121.845 9474.1838 7830.8558 6194.0146 4565.9541 2949.1027 1346.0056 -240.67242 -1808.1771 -3353.672 -4874.2775 -6367.098 -7829.2379 -9257.8505 -10650.176 -12003.567 -13315.541 -14583.818 -15806.342 -16981.339 -18107.311 -19183.067 -20207.739 -21180.784 -22101.979 -22971.414 -23789.459 -24556.771 -25274.232 -25942.904 -26563.854 -27137.631 -27662.319 -28133.326 -28533.243 -28826.082 -28986.127 -28986.128 
27206.68 27206.68 26899.727 26035.311 24769.485 23328.397 21840.852 20344.336 18843.246 17336.142 15822.179 14301.55 12775.061 11243.851 9709.2674 8172.834 6636.235 5101.3058 3570.0325 2044.5639 527.19403 -979.62897 -2473.3308 -3951.223 -5410.508 -6848.3071 -8261.7009 -9647.7465 -11003.525 -12326.177 -13612.928 -14861.151 -16068.401 -17232.439 -18351.292 -19423.243 -20446.923 -21421.268 -22345.568 -23219.446 -24042.81 -24815.725 -25537.997 -26207.915 -26818.959 -27353.654 -27775.116 -28061.668 -28208.412 -28208.413 
25942.2 25942.2 25678.266 24883.508 23696.755 22346.345 20969.132 19603.074 18244.428 16884.103 15516.869 14140.815 12755.697 11361.99 9960.4963 8552.2163 7138.3059 5720.0672 4298.9481 2876.5596 1454.6676 35.208862 -1379.7224 -2787.8766 -4186.842 -5574.062 -6946.8555 -8302.4318 -9637.9205 -10950.399 -12236.918 -13494.549 -14720.434 -15911.801 -17066.043 -18180.728 -19253.661 -20282.902 -21266.8 -22203.99 -23093.325 -23933.628 -24722.874 -25456.204 -26121.505 -26692.219 -27124.772 -27383.35 -27512.912 -27512.912 
23870.14 23870.14 23601.55 22799.029 21616.984 20269.027 19011.849 17814.236 16615.349 15405.626 14184.044 12950.912 11706.716 10451.98 9187.2677 7913.222 6630.5885 5340.1955 4043.0273 2740.179 1432.8976 122.5882 -1189.183 -2500.6891 -3810.0284 -5115.1209 -6413.7061 -7703.3948 -8981.4792 -10244.798 -11491.012 -12717.304 -13920.749 -15098.401 -16247.378 -17364.867 -18448.193 -19494.845 -20502.507 -21469.055 -22392.37 -23269.892 -24097.36 -24865.958 -25557.353 -26137.088 -26556.394 -26785.711 -26901.892 -26901.893 
21251.238 21251.238 20959.2 20052.057 18715.683 17582.171 16589.807 15563.74 14505.579 13426.784 12333.132 11226.891 10108.983 8979.8906 7839.9974 6689.7081 5529.4805 4359.8639 3181.4962 1995.131 801.63873 -397.97394 -1602.5621 -2810.8336 -4021.3299 -5232.4231 -6442.3214 -7649.0547 -8850.4896 -10044.328 -11228.112 -12399.254 -13555.055 -14692.721 -15809.421 -16902.291 -17968.5 -19005.263 -20009.858 -20979.548 -21911.265 -22800.861 -23641.34 -24419.421 -25109.841 -25670.836 -26059.135 -26262.806 -26368.412 -26368.412 
18198.299 18198.299 17844.227 16769.829 15589.848 14858.394 14039.392 13133.392 12184.955 11215.725 10232.935 9238.5263 8232.936 7216.2839 6188.6826 5150.3054 4101.3938 3042.2681 1973.3207 895.04431 -191.97644 -1287.0419 -2389.3336 -3497.9037 -4611.6563 -5729.3414 -6849.5549 -7970.7167 -9091.0851 -10208.74 -11321.591 -12427.384 -13523.726 -14608.074 -15677.794 -16730.151 -17762.356 -18771.557 -19754.798 -20708.835 -21629.598 -22511.039 -23342.721 -24105.627 -24766.858 -25279.368 -25611.94 -25799.246 -25905.461 -25905.461 
14794.32 14794.32 14462.033 13443.099 12742.906 12209.804 11481.102 10656.466 9796.6724 8921.8492 8036.6261 7141.3911 6235.8013 5319.5819 4392.6105 3454.8839 2506.4797 1547.5471 578.29675 -400.97882 -1389.9147 -2388.0479 -3394.8167 -4409.5471 -5431.4388 -6459.5538 -7492.8112 -8529.9687 -9569.6282 -10610.215 -11649.984 -12687.013 -13719.224 -14744.362 -15760.039 -16763.719 -17752.732 -18724.226 -19675.049 -20601.406 -21498.038 -22356.608 -23162.612 -23890.762 -24501.76 -24952.74 -25231.767 -25390.211 -25506.591 -25506.591 
11393.451 11393.451 11203.741 10428.735 10135.617 9655.5967 8968.2361 8207.3331 7425.3766 6634.816 5836.6091 5029.6777 4213.1193 3386.4236 2549.3346 1701.7404 843.60608 -25.042969 -904.13086 -1793.5184 -2693.0078 -3602.3212 -4521.098 -5448.8845 -6385.1184 -7329.1168 -8280.0701 -9237.0216 -10198.87 -11164.35 -12132.026 -13100.288 -14067.362 -15031.282 -15989.923 -16940.964 -17881.873 -18809.798 -19721.337 -20611.995 -21475.03 -22299.307 -23065.675 -23742.881 -24289.034 -24673.01 -24905.496 -25054.482 -25155.071 -25155.071 
8323.9764 8323.9764 8286.3668 7847.9364 7699.071 7194.2117 6533.6309 5832.7153 5123.3833 4409.5068 3689.3079 2961.0199 2223.608 1476.5342 719.50879 -47.635254 -825.00537 -1612.6633 -2410.635 -3218.8954 -4037.3759 -4865.942 -5704.3917 -6552.446 -7409.7355 -8275.7837 -9150.0066 -10031.688 -10919.981 -11813.887 -12712.247 -13613.734 -14516.854 -15419.915 -16321.041 -17218.115 -18108.712 -18989.92 -19857.96 -20707.402 -21529.616 -22310.136 -23024.914 -23638.19 -24110.955 -24432.083 -24628.327 -24754.176 -24837.484 -24837.484 
5694.887 5694.887 5812.1735 5593.9905 5361.4463 4826.1245 4202.1863 3563.6765 2923.1771 2278.9856 1628.4493 969.97742 302.75696 -373.64624 -1059.5016 -1755.0016 -2460.3009 -3175.527 -3900.7792 -4636.1201 -5381.5785 -6137.1304 -6902.698 -7678.1416 -8463.2444 -9257.6996 -10061.107 -10872.951 -11692.602 -12519.287 -13352.091 -14189.935 -15031.578 -15875.572 -16720.258 -17563.678 -18403.454 -19236.496 -20058.454 -20862.639 -21638.073 -22366.52 -23019.381 -23559.367 -23956.659 -24219.115 -24372.126 -24467.165 -24543.247 -24543.247 
