1200.7367 1200.7367 1199.5529 1198.3717 1197.1931 1196.017 1194.8436 1193.6727 1192.5044 1191.3386 1190.1752 1189.0144 1187.8561 1186.7003 1185.5469 1184.3959 1183.2474 1182.1013 1180.9576 1179.8162 1178.6773 1177.5407 1176.4064 1175.2745 1174.1449 1173.0176 1171.8926 1170.7699 1169.6494 1168.5312 1167.4152 1166.3015 1165.19 1164.0807 1162.9736 1161.8686 1160.7658 1159.6652 1158.5668 1157.4704 1156.3762 1155.2841 1154.1941 1153.1062 1152.0203 1150.9365 1149.8548 1148.7751 1147.6975 1147.6975 
1198.1927 1198.1927 1197.1008 1196.0514 1194.9994 1193.945 1192.8883 1191.8293 1190.768 1189.7045 1188.6388 1187.5709 1186.5009 1185.4288 1184.3548 1183.2788 1182.201 1181.1215 1180.0404 1178.9577 1177.8737 1176.7884 1175.702 1174.6146 1173.5263 1172.4373 1171.3477 1170.2576 1169.1672 1168.0767 1166.9861 1165.8957 1164.8055 1163.7156 1162.6263 1161.5376 1160.4497 1159.3626 1158.2765 1157.1915 1156.1076 1155.025 1153.9437 1152.8638 1151.7854 1150.7086 1149.6333 1148.5597 1147.5095 1147.5095 
1192.8087 1192.8087 1191.9197 1191.1149 1190.2867 1189.4455 1188.5954 1187.7381 1186.8741 1186.0032 1185.1253 1184.2405 1183.3485 1182.4492 1181.5427 1180.6288 1179.7075 1178.7788 1177.8426 1176.8991 1175.9483 1174.9902 1174.0249 1173.0526 1172.0735 1171.0876 1170.0953 1169.0968 1168.0922 1167.0819 1166.0662 1165.0453 1164.0196 1162.9894 1161.955 1160.9168 1159.8751 1158.8302 1157.7826 1156.7325 1155.6803 1154.6264 1153.5712 1152.5149 1151.4578 1150.3999 1149.3408 1148.28 1147.2553 1147.2553 
1186.792 1186.792 1186.1713 1185.6454 1185.0545 1184.424 1183.7705 1183.1031 1182.4252 1181.7377 1181.0409 1180.3347 1179.6187 1178.8927 1178.1564 1177.4096 1176.6521 1175.8835 1175.1038 1174.3126 1173.5098 1172.6954 1171.8692 1171.031 1170.181 1169.3191 1168.4454 1167.5601 1166.6632 1165.7553 1164.8365 1163.9071 1162.9676 1162.0182 1161.0594 1160.0916 1159.1153 1158.1309 1157.139 1156.1401 1155.1346 1154.1232 1153.1064 1152.0847 1151.0584 1150.0274 1148.9899 1147.9447 1146.9409 1146.9409 
1180.7243 1180.7243 1180.4413 1180.2343 1179.8942 1179.4705 1178.9976 1178.4976 1177.9812 1177.4527 1176.9133 1176.3632 1175.8021 1175.2298 1174.6459 1174.05 1173.4416 1172.8205 1172.1862 1171.5383 1170.8764 1170.2003 1169.5096 1168.8041 1168.0834 1167.3474 1166.5959 1165.8289 1165.0463 1164.248 1163.4341 1162.6049 1161.7604 1160.9009 1160.0268 1159.1387 1158.2369 1157.3224 1156.3956 1155.4571 1154.5075 1153.5475 1152.5776 1151.5984 1150.6097 1149.6099 1148.5946 1147.5636 1146.5743 1146.5743 
1174.8631 1174.8631 1174.9772 1175.1184 1175.042 1174.8246 1174.5194 1174.1661 1173.787 1173.3919 1172.9843 1172.5654 1172.1352 1171.6933 1171.2393 1170.7729 1170.2934 1169.8005 1169.2935 1168.7721 1168.2355 1167.6835 1167.1154 1166.5308 1165.9292 1165.3103 1164.6737 1164.0189 1163.3458 1162.6542 1161.9438 1161.2147 1160.4667 1159.7 1158.9147 1158.111 1157.2893 1156.4498 1155.5931 1154.7196 1153.8305 1152.9263 1152.0079 1151.0754 1150.1278 1149.1617 1148.1688 1147.1482 1146.1647 1146.1647 
1169.3335 1169.3335 1169.8928 1170.4016 1170.5991 1170.5885 1170.4406 1170.2141 1169.9488 1169.663 1169.3633 1169.052 1168.7295 1168.3954 1168.0495 1167.6911 1167.3198 1166.9351 1166.5362 1166.1226 1165.6938 1165.249 1164.7877 1164.3093 1163.8131 1163.2985 1162.765 1162.2121 1161.6393 1161.0461 1160.4321 1159.7971 1159.1408 1158.4631 1157.7638 1157.0431 1156.3009 1155.5376 1154.7534 1153.9487 1153.1238 1152.2793 1151.415 1150.5313 1149.6256 1148.693 1147.7214 1146.7072 1145.7215 1145.7215 
1164.1998 1164.1998 1165.2425 1166.1304 1166.6143 1166.8096 1166.7913 1166.6652 1166.4908 1166.2931 1166.081 1165.8574 1165.6229 1165.3773 1165.1203 1164.8513 1164.5698 1164.2751 1163.9667 1163.6438 1163.3059 1162.9523 1162.5822 1162.1949 1161.7898 1161.366 1160.923 1160.4599 1159.9762 1159.4713 1158.9444 1158.3952 1157.8232 1157.228 1156.6093 1155.9668 1155.3005 1154.6105 1153.8967 1153.1593 1152.3987 1151.6149 1150.8077 1149.9751 1149.1117 1148.2121 1147.2591 1146.2475 1145.2528 1145.2528 
1159.4679 1159.4679 1161.0536 1162.3287 1163.1087 1163.4622 1163.5408 1163.4938 1163.3929 1163.2669 1163.1262 1162.9743 1162.8119 1162.6391 1162.4553 1162.26 1162.0529 1161.8331 1161.6002 1161.3534 1161.0921 1160.8154 1160.5228 1160.2133 1159.8863 1159.5408 1159.1762 1158.7915 1158.386 1157.959 1157.5096 1157.0373 1156.5413 1156.021 1155.476 1154.9059 1154.3103 1153.689 1153.0418 1152.3688 1151.6699 1150.945 1150.1933 1149.4122 1148.5923 1147.7232 1146.786 1145.7743 1144.7651 1144.7651 
1155.1757 1155.1757 1157.3339 1158.9958 1160.0295 1160.4918 1160.6448 1160.6625 1160.6225 1160.5557 1160.4736 1160.3803 1160.277 1160.1638 1160.0402 1159.9059 1159.7604 1159.6029 1159.433 1159.2498 1159.0528 1158.8412 1158.6141 1158.3709 1158.1106 1157.8325 1157.5355 1157.2189 1156.8817 1156.5231 1156.1422 1155.7381 1155.3101 1154.8574 1154.3792 1153.8751 1153.3444 1152.7868 1152.2018 1151.5892 1150.9486 1150.2796 1149.5809 1148.8487 1148.0722 1147.2268 1146.3054 1145.2906 1144.2643 1144.2643 
1151.342 1151.342 1154.058 1156.0861 1157.3057 1157.8472 1158.061 1158.1338 1158.1451 1158.1273 1158.0932 1158.0479 1157.993 1157.9286 1157.8546 1157.7705 1157.6759 1157.5701 1157.4526 1157.3227 1157.1797 1157.0228 1156.8513 1156.6644 1156.4611 1156.2407 1156.002 1155.7444 1155.4666 1155.1679 1154.8472 1154.5036 1154.1361 1153.7438 1153.3259 1152.8816 1152.4102 1151.9111 1151.3835 1150.8271 1150.2412 1149.6247 1148.9757 1148.2893 1147.5528 1146.7265 1145.8207 1144.799 1143.7553 1143.7553 
1147.9267 1147.9267 1151.1703 1153.533 1154.8799 1155.4855 1155.7524 1155.8731 1155.9277 1155.9503 1155.9556 1155.9494 1155.9338 1155.9094 1155.876 1155.8333 1155.7807 1155.7178 1155.6439 1155.5584 1155.4606 1155.3498 1155.2253 1155.0861 1154.9314 1154.7603 1154.5719 1154.3652 1154.1391 1153.8927 1153.6248 1153.3346 1153.0208 1152.6825 1152.3187 1151.9285 1151.5109 1151.0652 1150.5906 1150.0861 1149.5508 1148.9832 1148.3804 1147.7363 1147.0363 1146.225 1145.3344 1144.3034 1143.2391 1143.2391 
1144.8713 1144.8713 1148.6084 1151.2668 1152.7092 1153.3725 1153.6871 1153.8491 1153.94 1153.9958 1154.033 1154.0585 1154.0749 1154.083 1154.0828 1154.0739 1154.056 1154.0284 1153.9907 1153.9422 1153.8823 1153.8102 1153.7252 1153.6265 1153.5132 1153.3844 1153.2391 1153.0763 1152.8951 1152.6942 1152.4727 1152.2294 1151.9632 1151.673 1151.3577 1151.0162 1150.6475 1150.2504 1149.8242 1149.3675 1148.879 1148.3565 1147.7964 1147.191 1146.524 1145.7242 1144.8477 1143.8048 1142.7155 1142.7155 
