0.0092709671 0.0092709671 0.009275278 0.0092790711 0.0092828615 0.0092866488 0.0092904318 0.0092942114 0.0092979883 0.0093017623 0.0093055323 0.0093093 0.0093130629 0.0093168239 0.0093205819 0.0093243356 0.0093280867 0.0093318348 0.0093355795 0.0093393209 0.0093430607 0.0093467965 0.0093505298 0.0093542587 0.009357985 0.0093617129 0.009365442 0.0093691697 0.0093728915 0.0093766117 0.0093803287 0.009384042 0.0093877542 0.0093914597 0.0093951653 0.0093988672 0.0094025654 0.00940626 0.0094099529 0.0094136426 0.0094173278 0.0094210117 0.009424691 0.0094283669 0.0094320425 0.0094357125 0.0094393786 0.0094430444 0.0094467375 0.0094467378 
0.2282915 0.2282915 0.2265133 0.21905523 0.21038521 0.20153105 0.19273924 0.18407023 0.17554532 0.16717885 0.15898396 0.15097316 0.14315844 0.13555112 0.12816188 0.12100101 0.11407734 0.10739895 0.10097228 0.094803116 0.088895914 0.083253561 0.077877554 0.072768283 0.067925272 0.063346016 0.059027401 0.054964716 0.051152782 0.047584681 0.044253432 0.041150643 0.038267288 0.035593805 0.033121732 0.030842484 0.028745571 0.026820961 0.025058601 0.023448531 0.021980943 0.020646229 0.01943507 0.018338473 0.017347798 0.016455333 0.015658991 0.014987214 0.014542833 0.014542838 
0.28292062 0.28292062 0.29073174 0.28910557 0.28250598 0.27392146 0.26465327 0.25518622 0.24568704 0.23621438 0.22679405 0.21744288 0.20817572 0.19900731 0.18995256 0.18102671 0.17224523 0.16362364 0.15517729 0.14692126 0.13887025 0.13103837 0.12343891 0.11608418 0.10898557 0.10215306 0.0955953 0.089319355 0.083330821 0.077633399 0.072229358 0.067119075 0.062301278 0.057773199 0.053530421 0.049567101 0.045876135 0.042449136 0.03927695 0.036349036 0.033653327 0.031171863 0.028894366 0.026817397 0.024931417 0.023235898 0.02176088 0.020593485 0.019796499 0.019796495 
0.30294398 0.30294398 0.31738725 0.32315662 0.32119324 0.31470112 0.30621538 0.29694983 0.28740001 0.27775199 0.2680755 0.25840042 0.24874417 0.2391208 0.22954382 0.22002713 0.2105853 0.2012335 0.19198736 0.18286297 0.17387675 0.16504541 0.15638565 0.14791403 0.13964688 0.13160007 0.12378876 0.11622717 0.10892847 0.10190445 0.095165433 0.088720097 0.082575325 0.076736187 0.071205795 0.065985302 0.061073936 0.056469002 0.052166106 0.048159037 0.044440068 0.041000124 0.037829714 0.034920783 0.032274185 0.029896148 0.027857364 0.026261807 0.025054512 0.025054511 
0.30851322 0.30851322 0.32842483 0.34132103 0.34460459 0.34116521 0.33411826 0.32545393 0.31613624 0.30656322 0.29688585 0.28716146 0.2774152 0.26766212 0.25791457 0.24818461 0.23848484 0.2288286 0.21922993 0.20970359 0.20026503 0.19093038 0.18171626 0.17263972 0.16371809 0.15496895 0.14640979 0.13805788 0.12993007 0.12204253 0.11441056 0.10704834 0.09996867 0.093182845 0.086700403 0.080528955 0.074674061 0.069139126 0.063925434 0.059032121 0.054456315 0.050193701 0.04624042 0.042598077 0.039286345 0.036362648 0.033929178 0.031948765 0.030269461 0.030269458 
0.30646403 0.30646403 0.33182488 0.35096125 0.35959357 0.35969018 0.35449091 0.34664691 0.33767215 0.32825184 0.31865217 0.30896856 0.29923649 0.28947256 0.2796882 0.26989383 0.26010022 0.25031887 0.24056208 0.23084288 0.22117516 0.21157362 0.20205369 0.19263154 0.18332395 0.17414826 0.16512227 0.156264 0.14759159 0.1391231 0.13087622 0.12286813 0.11511519 0.10763271 0.10043471 0.093533688 0.086940344 0.080663473 0.074709784 0.069083901 0.063788539 0.058825652 0.054199866 0.049926825 0.046049897 0.042661596 0.039872689 0.037599887 0.035343395 0.035343394 
0.3002027 0.3002027 0.33064466 0.35557028 0.36957008 0.37351569 0.37043252 0.36341365 0.35475699 0.34548332 0.33597379 0.32635777 0.3166782 0.30695157 0.29718762 0.28739512 0.27758297 0.26776131 0.2579407 0.24813272 0.23834972 0.22860489 0.21891227 0.20928677 0.19974404 0.19030051 0.18097331 0.17178014 0.16273914 0.15386866 0.14518745 0.13671403 0.12846664 0.12046292 0.11271975 0.10525291 0.098076849 0.091204424 0.084646768 0.078413325 0.072512476 0.066953588 0.061752324 0.056942094 0.052593098 0.048825197 0.045743851 0.043128905 0.040242339 0.040242337 
0.29109664 0.29109664 0.32652573 0.3569135 0.37676686 0.38527488 0.38350302 0.37700406 0.36862684 0.35952816 0.35014248 0.34062397 0.33102556 0.32136675 0.3116575 0.30190571 0.29211909 0.28230665 0.27247754 0.26264208 0.25281128 0.24299696 0.23321183 0.22346953 0.21378453 0.20417211 0.19464836 0.18523036 0.17593553 0.16678229 0.15778905 0.1489749 0.14035874 0.13195951 0.12379572 0.11588524 0.10824509 0.10089115 0.093838115 0.087099751 0.080690119 0.074626795 0.06893829 0.063677986 0.058944027 0.054880687 0.051546414 0.048489383 0.044941236 0.044941232 
0.27974736 0.27974736 0.32006151 0.35642119 0.38451911 0.39504878 0.39394356 0.38796862 0.37997858 0.37113635 0.36192335 0.35253248 0.3430377 0.33346762 0.3238353 0.31414918 0.30441657 0.29464548 0.28484416 0.2750217 0.265188 0.25535363 0.24553008 0.23572977 0.22596597 0.21625277 0.20660519 0.19703928 0.18757169 0.17822014 0.16900262 0.15993801 0.15104541 0.14234418 0.13385372 0.12559314 0.11758118 0.10983597 0.10237516 0.095216698 0.088380738 0.081894436 0.075801511 0.070177959 0.065144725 0.060827557 0.057174238 0.053681643 0.049446819 0.049446823 
0.26653176 0.26653176 0.31219756 0.35711469 0.39182721 0.4024739 0.4020123 0.39680061 0.38935898 0.38085429 0.37185152 0.36260702 0.35322817 0.34375815 0.33421537 0.32460975 0.3149486 0.30523923 0.29548908 0.28570628 0.27589968 0.26607878 0.25625393 0.24643646 0.23663843 0.2268728 0.21715348 0.20749543 0.19791434 0.18842703 0.17905082 0.16980401 0.16070546 0.15177444 0.14303069 0.13449397 0.12618415 0.11812113 0.11032528 0.10281892 0.095629206 0.088794887 0.082377895 0.076478247 0.071227257 0.066678683 0.062604835 0.05851936 0.053827733 0.053827732 
0.25296663 0.25296663 0.30405386 0.35941267 0.39680242 0.40755162 0.40817304 0.40399504 0.39721824 0.3890955 0.38031895 0.371227 0.36196788 0.35260218 0.34315472 0.33363733 0.32405747 0.31442192 0.30473749 0.29501138 0.28525159 0.27546666 0.26566593 0.25585968 0.24605891 0.23627546 0.22652217 0.21681288 0.2071623 0.19758621 0.1881011 0.17872448 0.16947467 0.16037056 0.15143182 0.14267847 0.13413119 0.1258114 0.11774231 0.10995118 0.10247366 0.095362534 0.088700316 0.082606213 0.07719354 0.072403916 0.067826497 0.063008091 0.058009475 0.058009475 
0.24052694 0.24052694 0.29626016 0.36211007 0.39877578 0.41061607 0.4129149 0.40996222 0.40389995 0.39616812 0.38761697 0.3786754 0.36953461 0.36027312 0.35092237 0.34149615 0.33200221 0.32244691 0.31283649 0.30317741 0.29347689 0.28374263 0.27398307 0.26420757 0.25442613 0.24464956 0.23488969 0.22515928 0.21547199 0.20584262 0.19628668 0.18682079 0.17746257 0.1682303 0.15914338 0.15022187 0.14148712 0.13296218 0.1246735 0.11665439 0.1089509 0.10163231 0.094801314 0.088582816 0.083032124 0.077943985 0.072802305 0.067388274 0.061845185 0.061845188 
0.22977661 0.22977661 0.28947137 0.36297839 0.39845848 0.41242236 0.41671519 0.41501861 0.40965282 0.40229683 0.39396274 0.38516677 0.37614114 0.36698168 0.35772645 0.3483913 0.33898441 0.32951188 0.31997946 0.31039299 0.30075906 0.2910846 0.28137728 0.27164559 0.26189869 0.25214644 0.2423997 0.2326702 0.22297063 0.21331478 0.20371717 0.19419349 0.18476056 0.17543595 0.1662387 0.15718889 0.14830862 0.13962295 0.13116242 0.1229679 0.1150981 0.10764017 0.10071158 0.094417725 0.088713525 0.083287387 0.07763059 0.071631149 0.065314639 0.065314637 
