0.97153387 0.97153387 0.97136479 0.97119611 0.97102768 0.97085962 0.97069201 0.97052479 0.97035786 0.97019128 0.97002513 0.96985924 0.96969388 0.96952873 0.96936393 0.96919957 0.96903551 0.9688718 0.96870843 0.96854544 0.96838265 0.96822028 0.96805819 0.96789655 0.96773522 0.96757417 0.96741346 0.96725293 0.96709296 0.96693319 0.96677375 0.96661471 0.96645578 0.9662975 0.96613925 0.96598136 0.96582382 0.96566668 0.9655097 0.96535303 0.96519679 0.96504072 0.96488506 0.96472973 0.96457446 0.96441969 0.96426528 0.96411095 0.963957 0.96395697 
0.97165802 0.97165802 0.97148384 0.97131051 0.9711376 0.97096507 0.97079292 0.97062114 0.97044975 0.97027876 0.97010817 0.96993801 0.96976826 0.96959894 0.96943005 0.96926159 0.96909359 0.96892603 0.96875894 0.96859231 0.96842614 0.96826044 0.96809522 0.96793046 0.96776618 0.96760236 0.967439 0.96727612 0.96711371 0.96695175 0.96679024 0.96662921 0.96646858 0.96630844 0.96614869 0.9659894 0.96583051 0.96567207 0.96551401 0.9653564 0.96519914 0.96504224 0.9648857 0.96472966 0.96457385 0.96441851 0.96426328 0.96410873 0.96395482 0.9639545 
0.97158926 0.97158926 0.97141963 0.97125104 0.97108244 0.97091388 0.97074547 0.97057728 0.97040935 0.97024167 0.97007424 0.96990708 0.96974016 0.96957352 0.96940714 0.96924103 0.9690752 0.96890966 0.96874441 0.96857945 0.9684148 0.96825045 0.96808643 0.96792273 0.96775939 0.96759637 0.96743371 0.9672714 0.96710945 0.96694788 0.96678668 0.96662583 0.9664654 0.96630532 0.96614563 0.96598636 0.96582744 0.9656689 0.96551076 0.96535302 0.96519566 0.96503863 0.96488203 0.96472578 0.9645699 0.96441437 0.96425921 0.9641043 0.96395077 0.96395095 
0.9714748 0.9714748 0.97131341 0.97115131 0.97098814 0.97082416 0.97065987 0.9704956 0.97033148 0.97016755 0.97000382 0.96984029 0.96967697 0.96951383 0.96935089 0.96918813 0.96902556 0.96886317 0.96870096 0.96853894 0.96837711 0.96821546 0.96805401 0.96789274 0.96773168 0.96757082 0.96741016 0.96724973 0.96708953 0.96692956 0.96676982 0.96661037 0.96645115 0.96629221 0.96613356 0.96597518 0.96581708 0.9656593 0.96550179 0.96534461 0.96518773 0.96503116 0.96487488 0.96471892 0.96456331 0.96440795 0.96425277 0.96409761 0.96394464 0.96394468 
0.97134483 0.97134483 0.97119448 0.9710404 0.97088337 0.97072422 0.97056393 0.97040326 0.97024256 0.97008199 0.9699216 0.9697614 0.96960138 0.96944153 0.96928185 0.96912234 0.96896297 0.96880374 0.96864466 0.96848569 0.96832687 0.96816815 0.96800956 0.96785107 0.9676927 0.96753444 0.96737629 0.96721825 0.96706032 0.96690252 0.96674484 0.96658729 0.96642987 0.9662726 0.96611546 0.96595852 0.96580172 0.96564513 0.96548872 0.96533253 0.96517654 0.96502079 0.96486525 0.96470992 0.96455481 0.96439977 0.96424462 0.96408925 0.9639363 0.96393639 
0.97121192 0.97121192 0.97107462 0.97092949 0.97077911 0.97062499 0.9704686 0.97031118 0.97015345 0.96999573 0.96983816 0.96968078 0.96952359 0.96936658 0.96920975 0.96905307 0.96889655 0.96874016 0.96858389 0.96842774 0.96827169 0.96811573 0.96795986 0.96780405 0.96764831 0.96749263 0.96733699 0.96718141 0.96702586 0.96687036 0.9667149 0.96655948 0.9664041 0.96624876 0.96609347 0.96593823 0.96578307 0.96562797 0.96547294 0.965318 0.96516316 0.96500844 0.96485384 0.96469934 0.96454491 0.96439029 0.96423516 0.96407952 0.96392648 0.96392652 
0.97108223 0.97108223 0.97095954 0.97082388 0.97068048 0.97053156 0.97037894 0.97022439 0.97006912 0.96991375 0.9697585 0.96960344 0.96944858 0.96929393 0.96913947 0.96898519 0.96883107 0.9686771 0.96852326 0.96836954 0.96821592 0.9680624 0.96790895 0.96775555 0.96760221 0.96744889 0.9672956 0.96714232 0.96698905 0.96683576 0.96668246 0.96652914 0.9663758 0.96622243 0.96606903 0.96591561 0.96576216 0.96560871 0.96545524 0.96530175 0.96514826 0.96499477 0.96484127 0.9646877 0.96453396 0.96437978 0.96422467 0.96406862 0.96391543 0.9639155 
0.97095919 0.97095919 0.97085233 0.9707264 0.97059031 0.97044652 0.97029703 0.97014476 0.96999147 0.96983798 0.9696846 0.96953143 0.96937849 0.96922578 0.96907327 0.96892098 0.96876887 0.96861692 0.96846513 0.96831347 0.96816193 0.96801049 0.96785914 0.96770784 0.96755659 0.96740538 0.96725418 0.96710297 0.96695175 0.9668005 0.96664921 0.96649786 0.96634646 0.96619496 0.9660434 0.96589176 0.96574003 0.96558822 0.96543631 0.96528432 0.96513225 0.96498008 0.96482781 0.96467528 0.96452225 0.96436848 0.96421331 0.96405682 0.96390341 0.96390347 
0.97084412 0.97084412 0.97075487 0.97063879 0.97050989 0.97036998 0.97022291 0.97007244 0.96992074 0.96976879 0.96961693 0.96946531 0.96931394 0.96916282 0.96901194 0.96886128 0.96871084 0.96856059 0.96841051 0.9682606 0.96811082 0.96796115 0.96781159 0.96766211 0.96751268 0.96736329 0.96721392 0.96706456 0.96691517 0.96676575 0.96661626 0.96646671 0.96631709 0.96616735 0.96601751 0.96586753 0.96571743 0.96556721 0.96541682 0.96526631 0.96511565 0.96496482 0.96481374 0.96466229 0.96451006 0.96435655 0.96420124 0.9640443 0.96389068 0.96389062 
0.97073877 0.97073877 0.97066814 0.97056144 0.97043822 0.97030122 0.97015604 0.97000704 0.96985666 0.96970597 0.96955537 0.96940501 0.96925493 0.96910511 0.96895557 0.96880627 0.96865721 0.96850836 0.96835973 0.96821127 0.96806298 0.96791482 0.9677668 0.96761886 0.967471 0.9673232 0.96717543 0.96702768 0.96687991 0.9667321 0.96658425 0.96643631 0.96628829 0.96614016 0.96599189 0.96584349 0.96569491 0.96554618 0.96539727 0.96524815 0.96509883 0.96494928 0.96479936 0.96464893 0.96449745 0.96434401 0.96418861 0.96403122 0.96387732 0.96387732 
0.97064402 0.97064402 0.97059187 0.97049332 0.97037405 0.97023945 0.97009579 0.96994801 0.96979874 0.96964911 0.96949953 0.96935019 0.96920116 0.96905241 0.96890396 0.96875578 0.96860787 0.9684602 0.96831275 0.96816553 0.96801848 0.96787161 0.96772488 0.96757827 0.96743176 0.96728532 0.96713895 0.9669926 0.96684624 0.96669988 0.96655346 0.96640697 0.9662604 0.96611371 0.96596689 0.96581991 0.96567276 0.96552541 0.96537786 0.96523007 0.96508204 0.96493368 0.96478487 0.96463533 0.96448451 0.96433101 0.96417553 0.96401766 0.96386359 0.9638636 
0.97055901 0.97055901 0.97052484 0.97043292 0.97031645 0.9701839 0.97004151 0.96989478 0.96974645 0.96959767 0.96944894 0.96930043 0.96915224 0.96900437 0.96885681 0.96870954 0.96856257 0.96841587 0.96826943 0.96812321 0.96797722 0.96783142 0.96768578 0.96754031 0.96739495 0.96724969 0.96710452 0.96695938 0.96681428 0.96666916 0.96652403 0.96637882 0.96623355 0.96608817 0.96594265 0.96579698 0.96565113 0.96550506 0.96535877 0.96521224 0.96506538 0.96491812 0.9647703 0.96462156 0.96447126 0.96431764 0.96416216 0.96400378 0.96384951 0.96384949 
0.97048238 0.97048238 0.97046554 0.97037878 0.97026474 0.97013393 0.96999262 0.96984678 0.96969922 0.96955115 0.96940308 0.96925526 0.96910774 0.96896056 0.96881372 0.96866721 0.96852101 0.96837511 0.96822948 0.96808412 0.967939 0.9677941 0.96764939 0.96750488 0.9673605 0.96721624 0.9670721 0.96692802 0.96678401 0.96664 0.96649599 0.96635192 0.96620781 0.96606359 0.96591924 0.96577477 0.96563009 0.96548523 0.9653401 0.9651947 0.96504894 0.9649027 0.96475575 0.9646077 0.96445784 0.96430396 0.9641485 0.96398961 0.96383505 0.96383507 
