2628.3376 2628.3376 2615.5904 2602.7037 2589.8122 2576.9158 2564.0142 2551.1076 2538.1964 2525.2805 2512.3596 2499.4344 2486.5041 2473.5696 2460.6306 2447.6868 2434.7388 2421.7865 2408.8299 2395.8689 2382.9042 2369.9351 2356.9622 2343.9848 2331.0035 2317.9924 2304.9515 2291.9075 2278.8595 2265.8088 2252.7551 2239.6982 2226.6393 2213.5765 2200.5121 2187.4451 2174.3757 2161.3037 2148.2302 2135.1547 2122.077 2108.998 2095.9172 2082.8348 2069.752 2056.6675 2043.582 2030.4963 2017.4188 2017.4189 
44203.287 44203.287 43198.747 41601.77 39917.107 38231.748 36565.031 34922.699 33307.794 31722.87 30170.365 28652.638 27171.953 25730.452 24330.185 22973.101 21660.889 20395.087 19176.949 18007.613 16887.943 15818.52 14799.671 13831.532 12914.031 12046.761 11229.175 10460.448 9739.6203 9065.4826 8436.7048 7851.7478 7308.882 6806.1519 6341.7953 5913.9089 5520.6807 5160.1971 4830.5237 4529.7271 4255.8843 4007.0955 3781.4998 3577.2847 3392.7067 3226.227 3077.7444 2955.3815 2890.1138 2890.1142 
54316.056 54316.056 53883.246 52620.794 51038.095 49365.541 47672.1 45975.759 44282.637 42595.945 40918.177 39251.715 37598.996 35962.552 34345.005 32749.055 31177.486 29633.059 28118.549 26636.713 25190.25 23781.76 22413.727 21088.485 19808.197 18574.789 17389.957 16255.125 15171.449 14139.763 13160.636 12234.304 11360.719 10539.557 9770.2091 9051.827 8383.3467 7763.5018 7190.8782 6663.8673 6180.5218 5737.3517 5331.2198 4960.2896 4623.3615 4321.3163 4063.3406 3876.7321 3796.9499 3796.9501 
57754.517 57754.517 57464.65 56470.984 55082.367 53549.185 51974.126 50385.825 48791.472 47193.443 45593.33 43992.721 42393.346 40797.081 39205.944 37622.108 36047.888 34485.732 32938.204 31407.985 29897.846 28410.635 26949.242 25516.572 24115.526 22748.953 21419.614 20130.146 18883.021 17680.502 16524.625 15417.149 14359.549 13352.993 12398.323 11496.054 10646.379 9849.1757 9104.0398 8410.2807 7766.98 7173.0388 6627.349 6129.3268 5680.8626 5286.5715 4963.9871 4749.1947 4664.2368 4664.2367 
58398.926 58398.926 58112.136 57262.512 56020.836 54609.778 53155.756 51694.693 50230.242 48760.674 47285.056 45803.57 44317.039 42826.628 41333.714 39839.851 38346.754 36856.29 35370.475 33891.489 32421.655 30963.448 29519.469 28092.431 26685.154 25300.534 23941.507 22611.027 21312.021 20047.355 18819.8 17631.98 16486.331 15385.077 14330.178 13323.299 12365.789 11458.659 10602.583 9797.9003 9044.6621 8342.7605 7692.3477 7095.1045 6557.5603 6097.316 5751.5838 5542.0699 5469.3738 5469.3732 
57549.858 57549.858 57278.048 56473.448 55292.298 53957.488 52602.12 51261.327 49929.802 48597.759 47259.712 45913.682 44559.422 43197.429 41828.538 40453.786 39074.366 37691.616 36307.027 34922.247 33539.083 32159.511 30785.662 29419.826 28064.45 26722.124 25395.561 24087.578 22801.072 21538.986 20304.285 19099.906 17928.717 16793.488 15696.823 14641.141 13628.623 12661.185 11740.452 10867.751 10044.168 9270.8281 8549.7032 7885.6487 7290.856 6792.1406 6433.7084 6251.4422 6195.5412 6195.5413 
55873.839 55873.839 55565.312 54726.468 53530.41 52183.336 50936.87 49755.589 48575.822 47386.706 46186.732 44976.059 43755.146 42524.534 41284.82 40036.683 38780.909 37518.368 36250.091 34977.217 33701.039 32423.012 31144.746 29868.019 28594.779 27327.152 26067.443 24818.084 23581.822 22361.855 21160.554 19980.762 18825.43 17697.517 16599.92 15535.453 14506.79 13516.433 12566.68 11659.64 10797.401 9982.5061 9219.2174 8516.34 7892.4035 7382.2277 7035.5102 6882.0752 6839.7737 6839.7735 
53626.218 53626.218 53258.842 52287.639 50916.449 49768.93 48777.958 47761.058 46715.556 45651.113 44572.853 43482.844 42381.963 41270.707 40149.49 39018.755 37879.002 36730.824 35574.905 34412.048 33243.173 32069.339 30891.744 29711.735 28530.825 27350.697 26173.197 25000.348 23834.337 22677.51 21532.373 20401.553 19287.791 18193.909 17122.77 16077.257 15060.215 14074.433 13122.633 12207.548 11332.231 10500.828 9720.3592 9004.265 8378.2114 7884.379 7567.3328 7439.4115 7408.4156 7408.4158 
50918.538 50918.538 50448.874 49281.717 48045.129 47288.042 46463.378 45560.84 44619.78 43659.754 42687.236 41703.92 40710.187 39706.161 38691.985 37667.87 36634.098 35591.034 34539.117 33478.89 32410.99 31336.171 30255.307 29169.405 28079.622 26987.267 25893.806 24800.881 23710.295 22624.028 21544.229 20473.204 19413.401 18367.408 17337.902 16327.655 15339.484 14376.264 13440.965 12536.843 11667.974 10840.422 10064.686 9359.9964 8759.9439 8312.3727 8049.9315 7938.4429 7907.9878 7907.988 
47830.32 47830.32 47339.465 46198.794 45423.057 44856.201 44116.361 43290.468 42433.631 41563.728 40684.538 39796.153 38898.148 37990.244 37072.342 36144.474 35206.757 34259.385 33302.614 32336.788 31362.323 30379.738 29389.653 28392.802 27390.049 26382.396 25370.992 24357.144 23342.32 22328.161 21316.481 20309.266 19308.657 18316.969 17336.644 16370.27 15420.561 14490.406 13582.987 12702.132 11853.123 11044.345 10290.407 9616.8827 9063.884 8676.1255 8466.1039 8383.7735 8344.4926 8344.4928 
44713.539 44713.539 44322.906 43398.462 43015.693 42495.936 41792.914 41026.695 40243.938 39454.718 38659.036 37855.457 37042.961 36221.019 35389.392 34547.999 33696.844 32835.994 31965.571 31085.761 30196.817 29299.07 28392.939 27478.94 26557.7 25629.969 24696.626 23758.698 22817.359 21873.951 20929.981 19987.131 19047.25 18112.372 17184.689 16266.584 15360.649 14469.787 13597.448 12748.175 11928.762 11150.425 10432.471 9806.5253 9315.434 8993.3054 8828.7074 8756.4214 8734.3124 8734.3122 
41898.753 41898.753 41619.777 41006.358 40758.014 40208.507 39528.28 38818.5 38105.169 37389.648 36669.084 35941.274 35205.032 34459.78 33705.239 32941.268 32167.796 31384.801 30592.302 29790.369 28979.124 28158.755 27329.522 26491.765 25645.92 24792.53 23932.251 23065.872 22194.316 21318.662 20440.145 19560.172 18680.319 17802.351 16928.225 16060.131 15200.563 14352.5 13519.784 12707.915 11925.602 11187.43 10517.665 9952.5368 9532.1534 9271.8 9142.3659 9093.9794 9090.7629 9090.7629 
39498.796 39498.796 39336.557 38920.603 38581.091 37996.681 37349.488 36699.019 36051.822 35403.52 34750.252 34089.913 33421.496 32744.512 32058.693 31363.868 30659.916 29946.746 29224.303 28492.568 27751.563 27001.364 26242.106 25473.989 24697.295 23912.399 23119.772 22320.005 21513.807 20702.029 19885.672 19065.895 18244.028 17421.602 16600.361 15782.345 14970.016 14166.541 13376.35 12606.224 11867.249 11177.826 10566.838 10072.146 9724.8137 9522.321 9435.1177 9418.4974 9424.4626 9424.4625 
