784.48655 784.48655 780.32435 776.16791 772.01346 767.86098 763.71048 759.56196 755.41548 751.27098 747.12851 742.98808 738.84966 734.71331 730.57901 726.44679 722.31664 718.18859 714.06265 709.93879 705.81708 701.6975 697.58007 693.46479 689.35166 685.23321 681.10946 676.98801 672.86891 668.75222 664.63793 660.52607 656.41672 652.30981 648.20546 644.10365 640.00444 635.90779 631.81382 627.72252 623.63392 619.54806 615.46497 611.38471 607.30731 603.2328 599.16123 595.09264 591.02766 591.02766 
535.17534 535.17534 527.11852 524.9147 524.41404 524.33954 524.35594 524.39025 524.42933 524.47098 524.51458 524.55999 524.60711 524.65588 524.70688 524.76014 524.81603 524.87476 524.93743 525.0053 525.07956 525.16184 525.25463 525.36153 525.48524 525.63112 525.80443 526.01282 526.26294 526.56716 526.93358 527.37517 527.90188 528.51482 529.21135 529.97484 530.82535 531.76767 532.8039 533.93255 535.14752 536.43737 537.78427 539.16357 540.54543 541.89929 543.24932 545.03354 549.28352 549.28356 
530.63395 530.63395 512.26253 503.07425 499.34172 498.11409 497.87231 497.96937 498.17526 498.41699 498.67262 498.93543 499.20284 499.47338 499.74597 500.01953 500.29334 500.5659 500.83601 501.10277 501.36505 501.6217 501.87181 502.11491 502.35037 502.57777 502.79706 503.0087 503.21336 503.41283 503.60945 503.80686 504.01054 504.22767 504.46837 504.74666 505.08137 505.49811 506.02841 506.71544 507.60726 508.72067 509.96943 511.2357 512.5564 514.02876 516.1045 520.31563 530.12417 530.12415 
526.93259 526.93259 500.42923 482.99607 473.999 470.31165 469.12798 468.98227 469.23269 469.62974 470.0838 470.564 471.05961 471.56635 472.08193 472.60459 473.13252 473.66381 474.19645 474.72853 475.25795 475.78254 476.30006 476.80844 477.30553 477.78912 478.25708 478.70748 479.13844 479.54836 479.93601 480.30047 480.6417 480.96043 481.25864 481.54017 481.81126 482.08177 482.36597 482.6848 483.06814 483.5584 484.21442 485.1318 486.50793 488.75343 492.51743 499.83475 514.54784 514.54783 
523.1937 523.1937 489.06014 463.70172 449.32423 442.42222 439.72517 439.02339 439.15941 439.62345 440.21578 440.86371 441.54163 442.24011 442.95511 443.68426 444.42551 445.17673 445.93564 446.69996 447.46716 448.23462 448.9995 449.75884 450.50968 451.24883 451.97296 452.67881 453.36296 454.02204 454.65288 455.25235 455.81765 456.34655 456.83725 457.289 457.70231 458.07958 458.42578 458.74956 459.066 459.40064 459.79916 460.36239 461.35126 463.46212 468.53837 479.45632 499.41793 499.41792 
519.03446 519.03446 477.1014 444.75059 424.99524 414.62401 410.13745 408.72743 408.69173 409.20443 409.92598 410.7325 411.58186 412.45989 413.36126 414.28331 415.22398 416.18112 417.15238 418.13535 419.12736 420.12556 421.12681 422.12772 423.12481 424.11437 425.09237 426.05469 426.99696 427.91464 428.80327 429.65822 430.47478 431.24866 431.97541 432.65127 433.27309 433.83895 434.34862 434.80439 435.21356 435.59499 435.99743 436.55059 437.60368 440.04864 445.98164 459.54161 484.50946 484.50946 
514.42892 514.42892 464.48713 425.40578 400.34567 386.14846 380.062 378.41814 378.46044 379.10606 379.96458 380.90679 381.89348 382.91377 383.96439 385.04364 386.15033 387.28205 388.4369 389.61212 390.80479 392.01174 393.22934 394.45355 395.68002 396.90413 398.12103 399.32499 400.51292 401.68797 402.83679 403.95234 405.02863 406.05991 407.04004 407.96318 408.82362 409.61641 410.33762 410.98542 411.56426 412.09456 412.64054 413.38119 414.77414 417.90213 425.10287 441.0443 469.77488 469.77487 
509.18011 509.18011 450.8227 404.91838 373.52251 357.04171 351.54924 350.15412 350.27238 350.95367 351.84951 352.83695 353.87579 354.95415 356.06866 357.21804 358.40154 359.61753 360.86463 362.14083 363.44382 364.77111 366.11971 367.48612 368.86658 370.25695 371.65268 373.04835 374.43871 375.81721 377.1779 378.51348 379.81686 381.08034 382.29588 383.45557 384.55118 385.57513 386.52082 387.38492 388.17383 388.91968 389.72026 390.83202 392.86443 397.08105 405.76595 424.05597 455.62929 455.62929 
503.08504 503.08504 435.66182 382.1675 345.35265 330.85064 325.9929 324.58353 324.56349 325.14654 325.99638 326.97088 328.01414 329.10581 330.23884 331.41065 332.62014 333.86595 335.14692 336.46151 337.80785 339.18387 340.58707 342.01442 343.46263 344.92804 346.40643 347.89289 349.38232 350.86852 352.34553 353.80614 355.24284 356.64766 358.0118 359.32639 360.58208 361.77011 362.88338 363.92031 364.89593 365.8668 366.98944 368.64314 371.66638 377.70772 389.1554 408.73406 442.03734 442.03734 
496.00469 496.00469 419.10739 357.56447 320.41523 308.04642 303.31349 301.54444 301.22525 301.63866 302.40655 303.34458 304.37218 305.45724 306.58785 307.75965 308.97098 310.22054 311.50729 312.83001 314.18711 315.57684 316.99706 318.44513 319.91812 321.41276 322.92521 324.451 325.98531 327.52242 329.05651 330.58074 332.08765 333.56943 335.01716 336.42192 337.7743 339.06597 340.2918 341.45606 342.58904 343.7821 345.26542 347.55827 351.72185 359.64173 373.77221 395.97823 428.4747 428.47471 
488.54806 488.54806 402.91107 333.74316 299.62913 288.20146 283.00215 280.68674 280.02878 280.26838 280.95349 281.85147 282.85706 283.92722 285.04569 286.20659 287.4078 288.6481 289.92651 291.24205 292.59333 293.97888 295.39682 296.84481 298.32022 299.82013 301.341 302.87879 304.42898 305.98624 307.5451 309.09909 310.64102 312.16339 313.65759 315.11509 316.52723 317.88749 319.19505 320.4641 321.7469 323.18032 325.08226 328.12075 333.5442 343.31168 359.7734 384.11536 416.1608 416.1608 
481.46956 481.46956 388.29158 312.99833 282.49819 270.65337 264.59326 261.71361 260.76031 260.85744 261.47409 262.33592 263.31828 264.3699 265.47139 266.61579 267.8007 269.02493 270.28759 271.58789 272.92461 274.29647 275.70183 277.13858 278.60437 280.09654 281.61185 283.14661 284.69661 286.2569 287.82233 289.38686 290.94361 292.48558 294.00462 295.49302 296.94367 298.35323 299.72771 301.09567 302.53857 304.24947 306.64527 310.5386 317.30445 328.78558 347.09216 372.99325 406.28036 406.28036 
475.12676 475.12676 375.59706 296.36726 267.62265 254.64484 247.72893 244.40961 243.24429 243.23789 243.80028 244.6293 245.5876 246.61843 247.70008 248.82482 249.98999 251.1944 252.43725 253.71787 255.03519 256.38809 257.77513 259.19442 260.64381 262.1209 263.62272 265.14588 266.68645 268.23986 269.80126 271.36502 272.92467 274.47375 276.00487 277.51153 278.98907 280.43895 281.87693 283.35088 284.97922 287.02139 289.99927 294.84908 302.98615 316.0057 335.92769 363.42189 398.82049 398.82049 
