0 1.0549264 1.0555039 1.0553399 1.0551792 1.0550186 1.0548572 1.054694 1.0545308 1.0543693 1.0542043 1.0540411 1.0538762 1.0537112 1.053548 1.0533822 1.0532173 1.0530515 1.0528856 1.0527164 1.0525523 1.052383 1.052218 1.0520496 1.0520127 1.0519758 1.0518014 1.0516329 1.0514585 1.0512822 1.0511103 1.0509315 1.0507605 1.05058 1.0504046 1.0502249 1.0500487 1.049869 1.0496893 1.0495096 1.0493264 1.0491467 1.0489645 1.0487778 1.0485947 1.0484106 1.0482231 1.0479898 0.98141133 0 
0 15.67346 20.510237 22.051351 22.593583 22.871621 23.087905 23.287741 23.479023 23.662644 23.838295 24.005424 24.163575 24.311987 24.449009 24.574736 24.687876 24.788514 24.874678 24.945378 24.999908 25.037393 25.055799 25.052734 25.027189 24.975724 24.895509 24.781339 24.626995 24.422043 24.150573 23.785459 23.276976 22.629858 21.953994 21.257697 20.545427 19.82127 19.089255 18.353578 17.618479 16.88804 16.166176 15.456567 14.758959 14.030385 12.911263 9.7683876 1.7559164 0 
0 12.513061 19.520524 22.683637 24.051122 24.682694 25.038423 25.297756 25.525043 25.74154 25.953501 26.162313 26.367851 26.569528 26.76659 26.958278 27.143786 27.322266 27.492756 27.654304 27.805984 27.946793 28.075636 28.191328 28.292898 28.379186 28.449085 28.50132 28.534884 28.548243 28.540258 28.509456 28.454146 28.372669 28.263003 28.12264 27.948607 27.736239 27.47773 27.150724 26.643015 25.689092 24.628286 23.546277 22.392197 20.885053 18.172482 12.725341 4.0515812 0 
0 10.111931 17.200225 20.994425 22.800951 23.667213 24.136138 24.450436 24.708622 24.947981 25.181819 25.414481 25.647106 25.879697 26.111778 26.342719 26.571791 26.798212 27.021087 27.239478 27.452343 27.658613 27.857152 28.046708 28.226038 28.393846 28.548798 28.689512 28.814642 28.922691 29.01225 29.081796 29.129721 29.154447 29.15426 29.12731 29.071588 28.984689 28.864173 28.70695 28.509174 28.26442 27.956831 27.535965 26.720019 24.637841 20.846023 14.488946 5.9389745 0 
0 9.4049857 15.916038 19.675247 21.633775 22.584349 23.077393 23.393746 23.650549 23.890364 24.127177 24.365203 24.605515 24.848184 25.092894 25.339191 25.58654 25.834338 26.081866 26.328341 26.572865 26.814491 27.052201 27.284829 27.511137 27.729844 27.939557 28.13884 28.326187 28.499979 28.658584 28.80034 28.923438 29.026134 29.106621 29.163012 29.193353 29.19547 29.167044 29.105126 29.005153 28.856742 28.629532 28.231294 27.415575 25.626496 21.723794 15.151116 7.2693922 0 
0 9.1775391 15.341773 18.9839 20.866646 21.734243 22.141721 22.392092 22.608085 22.825877 23.051659 23.284533 23.523009 23.766094 24.013152 24.263711 24.517343 24.773591 25.03191 25.29169 25.552219 25.812718 26.072325 26.330032 26.584729 26.835241 27.080266 27.318428 27.548244 27.768099 27.976325 28.171212 28.350857 28.51342 28.656874 28.779167 28.8781 28.951345 28.996333 29.009589 28.984264 28.902747 28.716557 28.29715 27.337164 25.238283 21.265088 14.826591 7.9018596 0 
0 9.3916254 15.418637 18.865886 20.579313 21.126247 21.247148 21.394236 21.576891 21.780458 21.996942 22.222456 22.454962 22.69338 22.937111 23.185692 23.438951 23.696422 23.957821 24.222681 24.490444 24.760484 25.032086 25.30439 25.576396 25.846968 26.114951 26.378913 26.637968 26.89085 27.13544 27.369991 27.592613 27.801432 27.994377 28.169328 28.323989 28.455858 28.561854 28.636804 28.669715 28.633083 28.457637 27.978765 26.847745 24.455794 20.114372 14.222543 8.1555739 0 
0 10.076636 16.200693 19.627312 20.310669 20.050775 20.12798 20.337358 20.567071 20.792579 21.014871 21.237996 21.464585 21.695907 21.932447 22.174372 22.421644 22.674143 22.931668 23.193951 23.460628 23.731278 24.005398 24.282341 24.561349 24.841588 25.12208 25.40171 25.679268 25.953303 26.222353 26.484735 26.738654 26.982213 27.213298 27.429732 27.629049 27.808373 27.963579 28.086977 28.161671 28.14775 27.952546 27.373193 26.02661 23.347476 18.898748 13.506696 8.1865597 0 
0 11.278111 17.691617 20.020596 18.890408 18.738472 19.038896 19.373033 19.654994 19.897064 20.120499 20.338575 20.557823 20.781105 21.009588 21.243731 21.483668 21.729425 21.9809 22.237957 22.500367 22.767847 23.040035 23.316443 23.596495 23.879533 24.16474 24.45122 24.737902 25.023568 25.306881 25.586377 25.860357 26.127072 26.384492 26.630432 26.862243 27.076412 27.267154 27.422745 27.517613 27.494465 27.229324 26.473381 24.80593 21.830907 17.843931 12.997618 8.1430551 0 
0 12.377486 18.449293 18.545753 17.302125 17.584828 18.121229 18.541107 18.845271 19.087159 19.30352 19.512808 19.723089 19.937613 20.157629 20.383619 20.615765 20.854142 21.098723 21.349464 21.606233 21.868851 22.137067 22.41053 22.688802 22.971363 23.25755 23.546625 23.837675 24.129654 24.421384 24.71156 24.998628 25.280962 25.556605 25.823304 26.07806 26.31631 26.529737 26.701083 26.793543 26.728656 26.347369 25.362364 23.387072 20.240359 16.393946 12.841587 8.2317644 0 
0 12.168939 17.708838 16.208779 15.905138 16.708409 17.392147 17.829293 18.12063 18.34725 18.550824 18.749452 18.950296 19.156031 19.367632 19.585484 19.809757 20.040553 20.277901 20.521819 20.772253 21.029104 21.292217 21.561349 21.836172 22.116284 22.401154 22.690176 22.982581 23.277469 23.573811 23.870443 24.165946 24.458787 24.74702 25.028195 25.298651 25.552196 25.776894 25.948107 26.014834 25.873862 25.33233 24.089726 21.851721 18.666782 15.30361 12.095895 8.1999017 0 
0 11.192625 15.893858 14.084782 14.964397 16.095026 16.794929 17.194579 17.454629 17.661167 17.851438 18.039929 18.231945 18.429374 18.632909 18.842854 19.059382 19.282623 19.512656 19.749552 19.993315 20.243918 20.501284 20.765257 21.035602 21.312018 21.594085 21.881312 22.173057 22.468551 22.766895 23.067046 23.367692 23.66734 23.963943 24.254631 24.534664 24.79544 25.020065 25.174309 25.18995 24.937278 24.197629 22.692774 20.293181 17.256434 14.126746 10.85768 7.8037566 0 
0 9.718523 13.741288 13.1423 14.600371 15.689213 16.276629 16.604971 16.829344 17.018195 17.197906 17.378147 17.562488 17.752321 17.948252 18.150614 18.359623 18.575455 18.798235 19.02808 19.265047 19.509166 19.760426 20.018745 20.283964 20.555871 20.834143 21.118388 21.408074 21.702548 22.001021 22.302545 22.605868 22.909447 23.210968 23.506827 23.790642 24.050412 24.26265 24.381099 24.317783 23.917838 22.954064 21.217168 18.742951 15.751999 12.613974 9.5415719 7.2020837 0 
