795.9184 795.9184 791.83677 787.75513 783.6735 779.59187 775.51024 771.4286 767.34697 763.26534 759.18371 755.10207 751.02044 746.93881 742.85718 738.77554 734.69391 730.61228 726.53065 722.44901 718.36738 714.28575 710.20412 706.12248 702.04085 697.95922 693.87759 689.79595 685.71432 681.63269 677.55105 673.46942 669.38779 665.30616 661.22452 657.14289 653.06126 648.97963 644.89799 640.81636 636.73473 632.6531 628.57146 624.48983 620.4082 616.32657 612.24493 608.1633 604.08167 604.08167 
795.8893 795.8893 791.80922 787.72918 783.64909 779.56895 775.48877 771.40854 767.32825 763.24792 759.16754 755.08711 751.00663 746.92609 742.84551 738.76488 734.68419 730.60346 726.52267 722.44184 718.36097 714.28004 710.19907 706.11806 702.03701 697.95592 693.87479 689.79362 685.71242 681.63118 677.54991 673.46862 669.38729 665.30594 661.22457 657.14317 653.06176 648.98032 644.89887 640.8174 636.73592 632.65442 628.57292 624.4914 620.40987 616.32834 612.2468 608.16524 604.08368 604.08368 
795.84191 795.84191 791.76381 787.68579 783.60762 779.52934 775.45098 771.37253 767.29401 763.21542 759.13674 755.05799 750.97915 746.90022 742.82121 738.7421 734.66291 730.58362 726.50423 722.42476 718.34518 714.26551 710.18575 706.10589 702.02593 697.94588 693.86574 689.78551 685.70519 681.62479 677.5443 673.46373 669.38308 665.30236 661.22156 657.1407 653.05978 648.9788 644.89776 640.81667 636.73553 632.65435 628.57312 624.49186 620.41057 616.32924 612.24788 608.16647 604.08499 604.08499 
795.78729 795.78729 791.7118 787.6362 783.56018 779.48383 775.40728 771.3306 767.25382 763.17695 759.09998 755.02291 750.94574 746.86846 742.79108 738.71357 734.63595 730.55821 726.48035 722.40235 718.32423 714.24597 710.16758 706.08905 702.01038 697.93157 693.85263 689.77354 685.69432 681.61495 677.53546 673.45583 669.37607 665.29619 661.21618 657.13605 653.05581 648.97546 644.89501 640.81445 636.73381 632.65307 628.57226 624.49137 620.41041 616.32938 612.24826 608.16701 604.08559 604.08559 
795.72859 795.72859 791.65652 787.58394 783.51035 779.43604 775.36131 771.28635 767.21124 763.13602 759.06068 754.98523 750.90967 746.83399 742.75818 738.68224 734.60617 730.52995 726.45359 722.37708 718.30042 714.22359 710.1466 706.06945 701.99212 697.91461 693.83693 689.75907 685.68103 681.60281 677.52441 673.44583 669.36707 665.28813 661.20902 657.12975 653.05031 648.97071 644.89095 640.81105 636.73101 632.65083 628.57052 624.49009 620.40955 616.32887 612.24801 608.16691 604.08551 604.08551 
795.66739 795.66739 791.59951 787.53051 783.45969 779.38759 775.31473 771.24145 767.16795 763.09428 759.02049 754.94658 750.87255 746.79838 742.72408 738.64964 734.57505 730.5003 726.4254 722.35033 718.27508 714.19966 710.12405 706.04825 701.97225 697.89605 693.81964 689.74302 685.66618 681.58913 677.51186 673.43438 669.35667 665.27874 661.20059 657.12223 653.04366 648.96488 644.8859 640.80672 636.72735 632.6478 628.56807 624.48817 620.40809 616.3278 612.24723 608.16623 604.08481 604.08481 
795.60457 795.60457 791.54165 787.47675 783.40905 779.33935 775.26841 771.19678 767.1248 763.05262 758.98029 754.90783 750.83524 746.76252 742.68965 738.61662 734.54345 730.4701 726.39659 722.3229 718.24902 714.17494 710.10066 706.02618 701.95147 697.87654 693.80138 689.72599 685.65035 681.57447 677.49833 673.42195 669.3453 665.2684 661.19124 657.11383 653.03616 648.95824 644.88007 640.80166 636.72302 632.64414 628.56504 624.48571 620.40613 616.32626 612.24596 608.16504 604.08354 604.08354 
795.54075 795.54075 791.48353 787.42323 783.35901 779.29188 775.22278 771.15269 767.08216 763.01139 758.94046 754.86939 750.79817 746.72682 742.65531 738.58365 734.51182 730.43981 726.36763 722.29526 718.22268 714.1499 710.07691 706.00369 701.93023 697.85654 693.78259 689.70838 685.63392 681.55918 677.48416 673.40887 669.33328 665.25741 661.18125 657.10479 653.02804 648.951 644.87367 640.79605 636.71816 632.63999 628.56154 624.48281 620.40376 616.3243 612.24425 608.16337 604.08176 604.08176 
795.47643 795.47643 791.42564 787.37042 783.31002 779.24527 775.17785 771.10924 767.0401 762.97069 758.9011 754.83136 750.76147 746.69143 742.62124 738.55088 734.48035 730.40963 726.33873 722.26762 718.19631 714.12478 710.05302 705.98102 701.90878 697.83628 693.76351 689.69047 685.61714 681.54352 677.4696 673.39537 669.32084 665.24598 661.1708 657.0953 653.01947 648.94332 644.86683 640.79003 636.7129 632.63545 628.55767 624.47955 620.40102 616.32195 612.24212 608.16126 604.07949 604.07949 
795.41209 795.41209 791.36839 787.31866 783.26199 779.19933 775.13352 771.06634 766.99857 762.93048 758.8622 754.79375 750.72515 746.65639 742.58747 738.51837 734.44909 730.37963 726.30996 722.24009 718.17 714.09968 710.02912 705.95831 701.88724 697.8159 693.74428 689.67236 685.60015 681.52762 677.45478 673.38161 669.3081 665.23425 661.16005 657.08549 653.01058 648.93531 644.85967 640.78368 636.70732 632.6306 628.5535 624.47599 620.39797 616.31926 612.23961 608.15873 604.07678 604.07678 
795.34806 795.34806 791.31191 787.26788 783.21459 779.15389 775.08967 771.02393 766.9575 762.89071 758.82371 754.75652 750.68917 746.62166 742.55397 738.48611 734.41805 730.3498 726.28134 722.21267 718.14377 714.07462 710.00524 705.93559 701.86566 697.79546 693.72495 689.65414 685.58302 681.51157 677.43978 673.36764 669.29514 665.22228 661.14905 657.07543 653.00143 648.92704 644.85225 640.77707 636.70149 632.6255 628.54908 624.47216 620.39462 616.31624 612.23672 608.15579 604.07366 604.07366 
795.28436 795.28436 791.2561 787.21782 783.1676 779.10885 775.04624 770.98193 766.91683 762.85132 758.78556 754.71961 750.65349 746.58719 742.52072 738.45405 734.3872 730.32013 726.25285 722.18535 718.11761 714.04962 709.98138 705.91286 701.84406 697.77496 693.70556 689.63583 685.56578 681.49538 677.42462 673.3535 669.28201 665.21012 661.13784 657.06516 652.99206 648.91855 644.84461 640.77024 636.69544 632.62017 628.54441 624.46808 620.391 616.3129 612.23349 608.15248 604.07015 604.07015 
795.22084 795.22084 791.2007 787.16816 783.12087 779.06412 775.00313 770.94025 766.87647 762.81222 758.7477 754.68296 750.61804 746.55294 742.48765 738.42217 734.35648 730.29058 726.22446 722.15811 718.09151 714.02465 709.95753 705.89013 701.82243 697.75442 693.68609 689.61744 685.54843 681.47907 677.40934 673.33922 669.26871 665.19779 661.12646 657.0547 652.9825 648.90986 644.83676 640.7632 636.68917 632.61463 628.53952 624.46374 620.3871 616.30925 612.22993 608.1488 604.06622 604.06622 
